,timeBgn,timeEnd,IRGA_lvl01_Co2_mu,IRGA_lvl01_Co2_mx,IRGA_lvl01_Co2_mn,IRGA_lvl01_Co2_vr,IRGA_lvl01_Co2_n,IRGA_lvl02_Co2_mu,IRGA_lvl02_Co2_mx,IRGA_lvl02_Co2_mn,IRGA_lvl02_Co2_vr,IRGA_lvl02_Co2_n,IRGA_lvl03_Co2_mu,IRGA_lvl03_Co2_mx,IRGA_lvl03_Co2_mn,IRGA_lvl03_Co2_vr,IRGA_lvl03_Co2_n,IRGA_lvl04_Co2_mu,IRGA_lvl04_Co2_mx,IRGA_lvl04_Co2_mn,IRGA_lvl04_Co2_vr,IRGA_lvl04_Co2_n,IRGA_lvl05_Co2_mu,IRGA_lvl05_Co2_mx,IRGA_lvl05_Co2_mn,IRGA_lvl05_Co2_vr,IRGA_lvl05_Co2_n,IRGA_lvl06_Co2_mu,IRGA_lvl06_Co2_mx,IRGA_lvl06_Co2_mn,IRGA_lvl06_Co2_vr,IRGA_lvl06_Co2_n,isoCO2_lvl01_dryCo2_mu,isoCO2_lvl01_dryCo2_mx,isoCO2_lvl01_dryCo2_mn,isoCO2_lvl01_dryCo2_vr,isoCO2_lvl01_dryCo2_n,isoCO2_lvl02_dryCo2_mu,isoCO2_lvl02_dryCo2_mx,isoCO2_lvl02_dryCo2_mn,isoCO2_lvl02_dryCo2_vr,isoCO2_lvl02_dryCo2_n,isoCO2_lvl03_dryCo2_mu,isoCO2_lvl03_dryCo2_mx,isoCO2_lvl03_dryCo2_mn,isoCO2_lvl03_dryCo2_vr,isoCO2_lvl03_dryCo2_n,isoCO2_lvl04_dryCo2_mu,isoCO2_lvl04_dryCo2_mx,isoCO2_lvl04_dryCo2_mn,isoCO2_lvl04_dryCo2_vr,isoCO2_lvl04_dryCo2_n,isoCO2_lvl05_dryCo2_mu,isoCO2_lvl05_dryCo2_mx,isoCO2_lvl05_dryCo2_mn,isoCO2_lvl05_dryCo2_vr,isoCO2_lvl05_dryCo2_n,isoCO2_lvl06_dryCo2_mu,isoCO2_lvl06_dryCo2_mx,isoCO2_lvl06_dryCo2_mn,isoCO2_lvl06_dryCo2_vr,isoCO2_lvl06_dryCo2_n,isoCO2_lvl01_iCo2_mu,isoCO2_lvl01_iCo2_mx,isoCO2_lvl01_iCo2_mn,isoCO2_lvl01_iCo2_vr,isoCO2_lvl01_iCo2_n,isoCO2_lvl02_iCo2_mu,isoCO2_lvl02_iCo2_mx,isoCO2_lvl02_iCo2_mn,isoCO2_lvl02_iCo2_vr,isoCO2_lvl02_iCo2_n,isoCO2_lvl03_iCo2_mu,isoCO2_lvl03_iCo2_mx,isoCO2_lvl03_iCo2_mn,isoCO2_lvl03_iCo2_vr,isoCO2_lvl03_iCo2_n,isoCO2_lvl04_iCo2_mu,isoCO2_lvl04_iCo2_mx,isoCO2_lvl04_iCo2_mn,isoCO2_lvl04_iCo2_vr,isoCO2_lvl04_iCo2_n,isoCO2_lvl05_iCo2_mu,isoCO2_lvl05_iCo2_mx,isoCO2_lvl05_iCo2_mn,isoCO2_lvl05_iCo2_vr,isoCO2_lvl05_iCo2_n,isoCO2_lvl06_iCo2_mu,isoCO2_lvl06_iCo2_mx,isoCO2_lvl06_iCo2_mn,isoCO2_lvl06_iCo2_vr,isoCO2_lvl06_iCo2_n,Lvl01_tempAir_mu,Lvl01_tempAir_vr,Lvl02_tempAir_mu,Lvl02_tempAir_vr,Lvl03_tempAir_mu,Lvl03_tempAir_vr,Lvl04_tempAir_mu,Lvl04_tempAir_vr,Lvl05_tempAir_mu,Lvl05_tempAir_vr,EC_co2FlxStor,EC_co2FlxTurb,EC_co2FlxNSAE
0,2019-08-09 00:00:00,2019-08-09 00:29:59,,,,,0,,,,,0,,,,,0,,,,,0,,,,,0,,,,,0,395.4797763235294,396.839996,394.569,0.32261701956620753,170,397.44698105901637,401.102997,393.963013,4.983443368604752,305,399.9657571737705,406.717987,395.890991,11.57369429589919,305,403.64964292857144,404.53799399999997,403.281006,0.05201401583996336,98,,,,,0,,,,,0,-8.349958812352941,-6.72800016,-10.2530003,0.49219197369702944,170,-8.532518031672131,-6.85500002,-11.0469999,0.5059109497372095,305,-8.617327838229508,-6.63000011,-10.9809999,0.5907261266524932,305,-8.80830614887755,-7.10400009,-10.5030003,0.5270426295922463,98,,,,,0,,,,,0,24.722,0.0563,25.1015,0.1075,25.2706,0.1275,25.8734,0.0765,25.9841,0.0691,,,
1,2019-08-09 00:30:00,2019-08-09 00:59:59,,,,,0,,,,,0,,,,,0,,,,,0,,,,,0,,,,,0,398.7895751791045,400.95599400000003,395.231995,1.9420620394022565,134,,,,,0,,,,,0,397.4334731169591,399.268005,396.062012,1.0635610607861752,171,401.5471700162866,407.399994,397.04599,8.519293761804956,307,398.6024346331169,402.234985,395.12899799999997,3.1415709319734044,308,-8.601300770075188,-6.91900015,-10.4779997,0.5306703283646776,133,,,,,0,,,,,0,-8.597543861052632,-6.60699987,-10.526,0.5301123508225988,171,-8.58662292347541,-6.34800005,-10.3669996,0.47018749722261155,305,-8.57068508275974,-6.19899988,-10.2950001,0.5103046651443562,308,24.3246,0.0069,24.8953,0.0042,24.8797,0.033,25.729,0.0133,25.8792,0.0162,,,
2,2019-08-09 01:00:00,2019-08-09 01:29:59,,,,,0,,,,,0,,,,,0,,,,,0,,,,,0,,,,,0,402.3479291176471,406.007996,397.309998,5.570359675139165,170,396.72415337908495,399.50500500000004,393.541992,2.78719337478312,306,397.8545580462046,401.72299200000003,392.373993,9.115279227807825,303,396.811477238806,397.889008,396.134003,0.19905659541816612,134,,,,,0,,,,,0,-8.678411783705883,-6.9369998,-10.3470001,0.544334315777519,170,-8.467480394444445,-6.41099977,-10.5810003,0.4606962404357299,306,-8.409290431617162,-6.17199993,-10.3079996,0.4959057051820195,303,-8.425075190451128,-6.63700008,-10.2180004,0.4864963918719633,133,,,,,0,,,,,0,24.2709,0.0152,24.7388,0.0161,24.6319,0.0223,25.6216,0.0249,25.7485,0.0308,,,
3,2019-08-09 01:30:00,2019-08-09 01:59:59,,,,,0,,,,,0,,,,,0,,,,,0,,,,,0,,,,,0,405.8026921353383,407.057007,404.968994,0.2951229589557077,133,,,,,0,,,,,0,402.82283563742686,406.272003,398.93798799999996,7.40131297272439,171,402.2196842564935,404.312988,398.929993,1.3566374260037384,308,403.1684222792208,406.761993,398.291992,6.084857624766592,308,-8.701052629924812,-6.46299982,-11.1689997,0.5336851294947885,133,,,,,0,,,,,0,-8.72846781859649,-6.0999999,-10.177,0.4723969012319832,171,-8.578071681498372,-6.93900013,-11.1230001,0.5100706874464684,307,-8.717409073863637,-7.06500006,-10.6859999,0.5278834715504307,308,23.8854,0.014,24.3093,0.023,24.2841,0.1219,25.223,0.0342,25.3708,0.0188,,,
4,2019-08-09 02:00:00,2019-08-09 02:29:59,,,,,0,,,,,0,,,,,0,,,,,0,,,,,0,,,,,0,412.55734412280697,417.529999,407.042999,10.38139814514858,171,411.628293679868,415.12298599999997,406.795013,7.946314476690916,303,411.4147965230263,415.415985,406.355011,4.79991185854348,304,403.58316587969927,405.06899999999996,402.47000099999997,0.4078622577236215,133,,,,,0,,,,,0,-9.21119880128655,-7.3130002,-11.0380001,0.5166241446544673,171,-9.09000000305921,-7.50699997,-11.1230001,0.4866238293281926,304,-8.981230278256579,-7.42399979,-11.0959997,0.42401231599876593,304,-8.794165388947368,-7.09399986,-10.1099997,0.3971622219328294,133,,,,,0,,,,,0,23.6118,0.0102,23.978,0.0231,23.6653,0.04,24.9628,0.0251,25.1556,0.0243,,,
5,2019-08-09 02:30:00,2019-08-09 02:59:59,,,,,0,,,,,0,,,,,0,,,,,0,,,,,0,,,,,0,415.0983711865672,417.609009,412.954987,1.7503744532258774,134,,,,,0,,,,,0,410.4164608181818,412.147003,406.501007,2.6103593610738454,165,413.8743934262295,415.703003,412.359985,0.6018592100387569,305,417.62270630944624,420.001007,414.063995,3.1623099350438584,307,-9.284335839104477,-7.74300003,-11.1490002,0.47090938558895673,134,,,,,0,,,,,0,-9.145152444390243,-7.25099993,-11.1520004,0.5846373293043455,164,-9.154790170491804,-6.63500023,-10.9390001,0.545823171285442,305,-9.219641695765473,-7.19299984,-11.2790003,0.42397737611311753,307,23.0313,0.0361,23.2899,0.0758,23.2083,0.0304,24.3045,0.0638,24.5504,0.0408,,,
6,2019-08-09 03:00:00,2019-08-09 03:29:59,,,,,0,,,,,0,,,,,0,,,,,0,,,,,0,,,,,0,411.7228491636364,413.877014,408.803986,2.637550683297193,165,411.0490695231788,414.841003,404.324005,7.680312456444204,302,408.6679114934641,412.927002,401.414001,10.125944983845027,306,405.2594146071429,406.63500999999997,404.438995,0.27930024602724457,140,,,,,0,,,,,0,-9.186933685,-7.85099983,-10.8430004,0.37429240804798625,166,-9.06368315990099,-7.29899979,-11.0299997,0.4989632881161068,303,-8.927091499607844,-6.83900023,-10.9300003,0.49916311969945604,306,-8.673578538428572,-6.48600006,-10.191,0.5193715458019373,140,,,,,0,,,,,0,22.7999,0.0037,23.0097,0.0037,22.9716,0.0984,24.3155,0.029,24.541,0.0223,,,
7,2019-08-09 03:30:00,2019-08-09 03:59:59,,,,,0,,,,,0,,,,,0,,,,,0,,,,,0,,,,,0,407.20717837142854,408.92498800000004,405.424988,1.4227061033551762,140,,,,,0,,,,,0,410.9127463515151,411.68301399999996,409.618988,0.2924643675793531,165,413.37381290491805,415.34200999999996,410.84200999999996,2.078336008009207,305,406.1931896993464,410.207001,404.06399500000003,2.6285736104628605,306,-8.980549996857143,-6.84700012,-10.3430004,0.4701578487441235,140,,,,,0,,,,,0,-9.083896950545455,-7.43200016,-10.5670004,0.4601307803441783,165,-9.09452460104918,-7.1079998,-11.0500002,0.5022807351072813,305,-8.854704920983606,-7.05100012,-10.9189997,0.5798959384320868,305,22.3311,0.0576,22.4965,0.0439,22.8971,0.0359,24.2017,0.0246,24.3899,0.0148,,,
8,2019-08-09 04:00:00,2019-08-09 04:29:59,,,,,0,,,,,0,,,,,0,,,,,0,,,,,0,,,,,0,413.7745820060606,420.61999499999996,409.924988,6.955463103984909,165,413.1479117967213,415.589996,410.760986,1.3641222235564738,305,413.78005538486843,417.167999,411.57901,1.718736758557658,304,413.3169076142857,415.835999,410.114014,2.886769674735248,140,,,,,0,,,,,0,-9.288749979512195,-7.06899977,-11.0170002,0.5411027395161407,164,-9.261281057124183,-7.38899994,-11.0310001,0.4173585470858767,306,-9.232970402335527,-6.96500015,-10.9169998,0.4731382468279584,304,-9.092385766285714,-7.05900002,-10.6870003,0.4810577273637604,140,,,,,0,,,,,0,22.2975,0.0068,22.6349,0.0013,22.7099,0.0299,23.7892,0.0236,24.0454,0.0253,,,
9,2019-08-09 04:30:00,2019-08-09 04:59:59,,,,,0,,,,,0,,,,,0,,,,,0,,,,,0,,,,,0,422.14874944285714,423.587006,420.43701200000004,0.8836332496480603,140,,,,,0,,,,,0,,,,,0,415.82142863809526,417.608002,412.431,3.002916748665506,105,418.97741208881575,423.483002,415.649994,4.408543406896844,304,-9.467071451857143,-7.87200022,-11.2320004,0.49924738525753876,140,,,,,0,,,,,0,,,,,0,-9.178457174095238,-7.29099989,-10.9980001,0.4313790382341337,105,-9.431368418453948,-7.5,-11.6630001,0.5007838035242468,304,22.0743,0.0206,22.3454,0.0354,22.4727,0.0253,23.368,0.1423,23.569,0.1665,,,
10,2019-08-09 05:00:00,2019-08-09 05:29:59,,,,,0,,,,,0,,,,,0,,,,,0,,,,,0,,,,,0,418.0212245636364,422.19101,415.778015,2.1351141425470788,165,425.2180533157895,433.222992,419.747986,21.6783235349645,304,419.4469473180328,425.721985,408.470001,19.080433444092108,305,,,,,0,,,,,0,,,,,0,-9.599436366727273,-8.19999981,-11.3780003,0.42481623598539164,165,-9.76937049504918,-8.13599968,-12.4840002,0.47770090926879966,305,-9.464029496196721,-7.42799997,-11.342,0.515727031772055,305,,,,,0,,,,,0,,,,,0,22.0928,0.043,22.2333,0.0533,22.0991,0.0335,23.0604,0.0276,23.2069,0.0047,,,
11,2019-08-09 05:30:00,2019-08-09 05:59:59,,,,,0,,,,,0,,,,,0,,,,,0,,,,,0,,,,,0,417.98067214285714,419.826996,416.076996,1.2929880765740815,140,,,,,0,,,,,0,420.85304492405066,423.01901200000003,417.058014,1.4453089215376016,158,425.0304671372549,426.243988,422.79998800000004,0.3961166439247135,306,426.0389238697069,429.134003,417.829987,10.906259308011798,307,-9.479496443741008,-7.78800011,-11.0799999,0.4777945918535699,139,,,,,0,,,,,0,-9.358525336455696,-7.41599989,-11.3660002,0.4989139415822035,158,-9.823173192679738,-8.24300003,-11.6440001,0.46839860502202546,306,-9.782644982638436,-7.61199999,-11.6009998,0.49482031894955814,307,21.8531,0.0028,21.9655,0.0042,21.8015,0.0164,22.5047,0.0614,22.7343,0.0433,,,
12,2019-08-09 06:00:00,2019-08-09 06:29:59,,,,,0,,,,,0,,,,,0,,,,,0,,,,,0,,,,,0,417.6796695625,418.391998,416.71701,0.16955771134285208,160,417.1036523770492,418.321014,415.76800499999996,0.41545772433053235,305,419.2791242564935,421.484985,415.657013,2.9520844696354707,308,415.9374886122449,417.351013,414.75,0.3736843466305812,147,,,,,0,,,,,0,-9.3455312750625,-7.82999992,-11.0830002,0.4805110007527075,160,-9.277013138131148,-7.40999985,-11.2969999,0.4191706513101211,305,-9.463077945422079,-7.42199993,-11.2390003,0.4531366582352218,308,-9.339598626462585,-7.78800011,-10.9499998,0.4171219626961997,147,,,,,0,,,,,0,21.8001,0.0128,21.8704,0.0064,21.6491,0.0107,22.5287,0.007,22.76,0.0108,,,
13,2019-08-09 06:30:00,2019-08-09 06:59:59,,,,,0,,,,,0,,,,,0,,,,,0,,,,,0,,,,,0,419.34703475,421.527008,417.131012,2.0573661178309135,148,,,,,0,,,,,0,414.3288539556962,415.178986,413.449005,0.14538235495443685,158,416.9583786156352,419.291992,413.984009,3.453003795514275,307,423.02452325490196,425.752991,418.907013,2.3517238516255556,306,-9.523094601554053,-7.94099998,-11.3030005,0.41735358286131224,148,,,,,0,,,,,0,-9.33950313226415,-7.63100004,-11.0129995,0.3959917282886166,159,-9.379179714771242,-7.14099979,-11.1379995,0.43071985764235976,306,-9.487950984313725,-7.53200006,-11.0539999,0.4176178771770058,306,21.4745,0.0142,21.5129,0.0168,21.4754,0.0077,22.3155,0.0674,22.558,0.063,,,
14,2019-08-09 07:00:00,2019-08-09 07:29:59,,,,,0,,,,,0,,,,,0,,,,,0,,,,,0,,,,,0,428.1678741075949,430.039001,426.28601100000003,0.7329499714102369,158,430.2556697161716,436.127991,422.963013,27.52476115896064,303,423.42261186644953,431.247986,418.091003,23.616712901340584,307,413.7373315,416.838013,411.45599400000003,2.405618535899935,148,,,,,0,,,,,0,-9.82650628943038,-7.90999985,-11.7390003,0.4083727587791944,158,-10.063578425261438,-7.91900015,-12.2639999,0.4989932129331601,306,-9.663830588892509,-7.40999985,-12.1560001,0.5328687583332812,307,-9.11661486358108,-7.53200006,-10.6409998,0.4078973319303434,148,,,,,0,,,,,0,21.218,0.0086,21.2133,0.0104,21.0491,0.0341,21.7187,0.066,21.9836,0.0639,,,
15,2019-08-09 07:30:00,2019-08-09 07:59:59,,,,,0,,,,,0,,,,,0,,,,,0,,,,,0,,,,,0,428.4932438445946,430.17401099999995,427.324005,0.6620325047484167,148,,,,,0,,,,,0,431.4278858723404,433.382996,429.291992,1.461630917609961,141,431.14395759999996,433.436005,427.37298599999997,4.862982129171512,305,432.8167435324675,434.88699299999996,428.334991,3.9496091897789993,308,-9.986635127837838,-8.21700001,-11.5909996,0.46149550247007826,148,,,,,0,,,,,0,-9.992255331702127,-7.81599998,-11.5740004,0.43696543351069467,141,-9.948217091743421,-8.19999981,-11.7670002,0.4547053059534011,304,-10.077980503181818,-8.27700043,-11.5860004,0.39480948010640154,308,21.2301,0.0011,21.1867,0.0016,20.8789,0.0079,21.5952,0.0073,21.6998,0.0146,,,
16,2019-08-09 08:00:00,2019-08-09 08:29:59,,,,,0,,,,,0,,,,,0,,,,,0,,,,,0,,,,,0,453.8191335192308,456.942993,449.291992,4.198831782920813,156,442.757679650165,450.890991,438.03299,23.740479586945234,303,435.9143985882353,440.256989,431.835999,7.94020331991679,306,431.04931365972226,433.141998,429.636993,1.2922853277010204,144,,,,,0,,,,,0,-10.919823918805031,-9.47299957,-12.4440002,0.38925520762825355,159,-10.490481947737704,-8.9989996,-12.4510002,0.44759495951621503,305,-10.099901972222222,-8.35999966,-12.1260004,0.4227915360840426,306,-9.980145798055556,-8.05599976,-11.3879995,0.37751603589714433,144,,,,,0,,,,,0,21.0122,0.0088,20.9398,0.0056,20.7807,0.0133,21.5311,0.0044,21.608,0.0014,,,
17,2019-08-09 08:30:00,2019-08-09 08:59:59,,,,,0,,,,,0,,,,,0,,,,,0,,,,,0,,,,,0,443.2610464965986,449.635986,438.394989,8.072114011645867,147,,,,,0,,,,,0,451.9774345,455.774994,449.79098500000003,3.806062679466287,152,454.69774985064936,461.68701200000004,449.51000999999997,8.811265611504899,308,435.4801912987013,449.74798599999997,430.391998,15.456921850603884,308,-10.380741471768708,-8.00399971,-12.3999996,0.4947283330897002,147,,,,,0,,,,,0,-10.658163376862746,-8.85000038,-12.526,0.3480634594119457,153,-10.905431821688312,-8.05700016,-13.217,0.45874779669887983,308,-10.116785708896105,-8.57199955,-12.2089996,0.4061651307930731,308,20.9151,0.0027,20.7892,0.0027,20.4764,0.0144,21.3637,0.0269,21.5566,0.0059,,,
18,2019-08-09 09:00:00,2019-08-09 09:29:59,,,,,0,,,,,0,,,,,0,,,,,0,,,,,0,,,,,0,452.28592235714285,456.744995,447.484009,4.075564061976105,154,451.42722245751634,461.033997,440.768005,42.59948161731251,306,442.4071106623377,448.359985,438.071991,11.779095286000365,308,449.4800777973856,450.747009,447.291992,1.0726958709824508,153,,,,,0,,,,,0,-10.706240258181818,-9.04199982,-12.6140003,0.3604264620713612,154,-10.544719857394137,-8.71899986,-12.6219997,0.4669684988601258,307,-10.4825941737013,-8.81799984,-12.5860004,0.402625973779376,308,-10.559973854640523,-9.27799988,-12.0839996,0.3686752499089712,153,,,,,0,,,,,0,20.8097,0.0042,20.6754,0.0033,20.3094,0.0031,21.0106,0.0401,21.4079,0.1547,,,
19,2019-08-09 09:30:00,2019-08-09 09:59:59,,,,,0,,,,,0,,,,,0,,,,,0,,,,,0,,,,,0,444.4296932875817,447.459991,442.772003,1.1262235231895084,153,,,,,0,,,,,0,444.36058526315793,447.208008,442.348999,1.5389244908517472,152,448.10734177524427,451.11499000000003,445.882996,2.119819072987676,307,448.350598875,450.382996,445.10299699999996,1.3307648973227655,304,-10.418318216623376,-8.48499966,-11.8109999,0.4860439203236094,154,,,,,0,,,,,0,-10.414513167960527,-9.0539999,-12.0469999,0.3481873396017598,152,-10.559429967263844,-8.82199955,-12.835,0.4355127744371407,307,-10.519605262171053,-8.31200027,-12.1210003,0.38326526030788294,304,20.4408,0.0113,20.3728,0.0101,20.1479,0.0084,20.8863,0.0106,21.0278,0.0094,,,
20,2019-08-09 10:00:00,2019-08-09 10:29:59,,,,,0,,,,,0,,,,,0,,,,,0,,,,,0,,,,,0,440.67231360130717,441.855011,439.074005,0.3016549674102797,153,442.87903261688314,446.367004,438.561005,7.998359984069191,308,440.3273333529412,444.47000099999997,437.535004,3.4020909242400528,306,446.51271968181817,448.368011,443.949005,1.5278799611507496,154,,,,,0,,,,,0,-10.373647074313725,-9.03100014,-11.8699999,0.34916421246592455,153,-10.438509743831169,-8.76500034,-12.2030001,0.41533557129485704,308,-10.310411768333333,-8.60900021,-12.1800003,0.41292381082090385,306,-10.536584434805194,-8.92000008,-12.0179996,0.4756101880838652,154,,,,,0,,,,,0,20.403,0.0066,20.3123,0.0022,19.9929,0.0117,20.8023,0.0058,21.0112,0.0093,,,
21,2019-08-09 10:30:00,2019-08-09 10:59:59,,,,,0,,,,,0,,,,,0,,,,,0,,,,,0,,,,,0,441.9521682402597,443.13900800000005,440.265991,0.456907668490288,154,,,,,0,,,,,0,461.18382334640523,466.01001,455.94101,10.403283821330154,153,466.46765036842106,468.484009,463.765991,1.2871456949175157,266,446.86835976325085,469.421997,434.735992,163.4122856753278,283,-10.216110363246754,-8.35000038,-12.0979996,0.6177141698319251,154,,,,,0,,,,,0,-11.083052297777778,-9.40100002,-12.7349997,0.4685456624495328,153,-11.069586501165414,-9.03199959,-12.9020004,0.4591961303861195,266,-10.582558318480565,-8.77499962,-12.6049995,0.5174777314895562,283,20.2807,0.0324,20.1548,0.0269,19.8366,0.0184,20.3628,0.0761,20.6348,0.0927,,,
22,2019-08-09 11:00:00,2019-08-09 11:29:59,,,,,0,,,,,0,,,,,0,,,,,0,,,,,0,,,,,0,456.10945348051945,466.216003,449.834015,30.475027191237324,154,445.5894380921053,448.890015,441.81298799999996,5.493014730413199,304,448.60487612012986,452.838013,442.184998,9.502480307717862,308,452.8848195741935,456.110992,448.945007,2.1301728134430418,155,,,,,0,,,,,0,-10.70068389683871,-9.45499992,-12.4359999,0.3534459551953604,155,-10.356261424281046,-8.39700031,-11.9879999,0.3888725442362282,306,-10.467573311530945,-8.24800014,-12.4750004,0.4352762235880704,307,-10.94478064283871,-9.18999958,-12.4069996,0.3685930720030449,155,,,,,0,,,,,0,20.0261,0.0033,19.8796,0.002,19.5934,0.0079,20.1267,0.0646,20.4209,0.0257,,,
23,2019-08-09 11:30:00,2019-08-09 11:59:59,,,,,0,,,,,0,,,,,0,,,,,0,,,,,0,,,,,0,466.191641006536,468.173004,464.135986,1.6511202054284924,153,,,,,0,,,,,0,445.58569440972224,451.631989,441.674988,8.434432260923735,144,456.0030782819672,466.584015,452.03299,16.503085232189118,305,468.97121283265307,470.914001,465.79501300000004,1.8325435061507367,245,-11.001013071503268,-9.46199989,-12.5220003,0.4126652570791428,153,,,,,0,,,,,0,-10.334687503958333,-8.61900043,-12.151,0.4980897515729145,144,-10.78183605904918,-8.90699959,-12.3409996,0.3948258829071394,305,-11.118130595755103,-9.53999996,-13.1560001,0.4113022419995926,245,20.0918,0.0311,19.9753,0.0138,19.8631,0.0217,20.3362,0.0708,20.3576,0.0745,,,
24,2019-08-09 12:00:00,2019-08-09 12:29:59,,,,,0,,,,,0,,,,,0,,,,,0,,,,,0,,,,,0,428.46293628671333,430.492004,426.807007,1.0872569798056726,143,440.68442873267327,450.332001,431.69601400000005,21.3505556300118,303,443.8548124407895,450.300995,440.140015,10.324697598539585,304,440.80665785714285,441.859985,439.656006,0.2867385021567723,161,,,,,0,,,,,0,-9.743769247202797,-8.16499996,-11.6040001,0.4698462998947207,143,-10.174324561803278,-8.09899998,-12.4469995,0.4722201213894487,305,-10.422166643562091,-8.47599983,-12.0930004,0.4246619625624922,306,-10.22413663968944,-8.56000042,-11.8450003,0.433975191667105,161,,,,,0,,,,,0,20.4661,0.1427,20.5846,0.1015,20.769,0.1089,21.544,0.1027,21.4901,0.0839,,,
25,2019-08-09 12:30:00,2019-08-09 12:59:59,,,,,0,,,,,0,,,,,0,,,,,0,,,,,0,,,,,0,431.9551610123457,437.333008,427.47601299999997,15.135288252771035,162,,,,,0,,,,,0,472.2258363287671,474.032013,469.450012,2.3730418926346544,146,467.64073136065576,471.39599599999997,464.020996,4.324329509676038,305,455.28760095409837,465.033997,436.752991,102.77769564304829,305,-10.052571426273293,-8.12699986,-11.6689997,0.4451901051892915,161,,,,,0,,,,,0,-11.343657531917808,-9.76299953,-13.0389996,0.3119631171209074,146,-11.144232023006536,-9.13700008,-12.8369999,0.41224882693171633,306,-10.697554091311476,-8.60000038,-12.96,0.4983087182544816,305,21.3807,0.0175,21.2323,0.0293,21.4648,0.0638,21.9289,0.0136,21.7781,0.0073,,,
26,2019-08-09 13:00:00,2019-08-09 13:29:59,,,,,0,,,,,0,,,,,0,,,,,0,,,,,0,,,,,0,450.5484585208333,453.847992,444.925995,9.763592770154208,144,450.2829379640523,454.108002,446.755005,3.35232516136177,306,460.30941610819673,466.415009,453.165009,21.13679131955332,305,467.5876567972028,469.934998,465.73800700000004,2.110789767369428,143,,,,,0,,,,,0,-10.398333338194444,-8.99300003,-11.8979998,0.3263210655159784,144,-10.521921813127037,-8.64099979,-12.302,0.42697408151370453,307,-10.826999989475409,-8.97599983,-12.6389999,0.4135228216442256,305,-11.095251743916084,-9.54699993,-12.5839996,0.41399241517721774,143,,,,,0,,,,,0,22.3888,0.2058,22.2644,0.1578,22.6421,0.1704,22.5532,0.1531,22.3632,0.1214,,,
27,2019-08-09 13:30:00,2019-08-09 13:59:59,,,,,0,,,,,0,,,,,0,,,,,0,,,,,0,,,,,0,449.6529924125,453.082001,444.97699,9.009663438521688,160,,,,,0,,,,,0,,,,,0,,,,,0,,,,,0,-10.4775812145,-8.77099991,-12.0010004,0.3523273167061949,160,,,,,0,,,,,0,,,,,0,,,,,0,,,,,0,23.6155,0.0701,23.1729,0.0546,23.5635,0.109,23.9006,0.1645,23.6861,0.1472,,,
28,2019-08-09 14:00:00,2019-08-09 14:29:59,,,,,0,,,,,0,,,,,0,,,,,0,,,,,0,,,,,0,,,,,0,,,,,0,,,,,0,438.3683350273973,440.47900400000003,437.233002,0.5995878274307979,146,436.9579506830065,442.208008,432.015991,14.491164310546493,306,455.45826183006534,495.613007,437.32000700000003,423.61908860356783,306,,,,,0,,,,,0,,,,,0,-9.823609595205479,-7.93200016,-11.5190001,0.4070139271887504,146,-9.461652446688525,-6.4920001,-11.4519997,0.5331279118421198,305,-8.861568597450981,-5.71000004,-14.2849998,4.305739351800262,306,24.5703,0.0652,24.3877,0.07,24.7851,0.085,24.494,0.1676,24.2908,0.1991,,,
29,2019-08-09 14:30:00,2019-08-09 14:59:59,,,,,0,,,,,0,,,,,0,,,,,0,,,,,0,,,,,0,,,,,0,,,,,0,,,,,0,429.98291963636365,437.647003,422.181,38.09625723700375,297,427.11296710355987,429.229004,424.37200900000005,1.8467719666854001,309,431.33215956493507,434.24200399999995,429.248993,1.9244687072438205,308,,,,,0,,,,,0,,,,,0,-9.359491605016835,-7.59100008,-11.8780003,0.5230869490171598,297,-9.40935066487013,-7.1869998,-11.5539999,0.4709043317109569,308,-9.567649357792208,-7.02699995,-11.349,0.5383149147990047,308,25.4762,0.0915,25.3551,0.095,25.6383,0.1332,25.1658,0.1509,25.0333,0.1593,,,
30,2019-08-09 15:00:00,2019-08-09 15:29:59,,,,,0,,,,,0,,,,,0,,,,,0,,,,,0,,,,,0,437.2388761397059,440.001007,435.763,1.2297960149834601,136,437.6087851980198,442.733002,435.421997,4.325973051309967,303,438.42620858957656,446.569,428.996002,29.969848455377495,307,426.52361857738094,428.858002,424.127991,1.6062116803753226,168,,,,,0,,,,,0,-9.714522079191177,-7.6880002,-11.3409996,0.40478941623970766,136,-9.801009869210526,-8.15499973,-11.7770004,0.44187124973482383,304,-9.890192202833877,-7.70300007,-11.6079998,0.5100397147480741,307,-9.254155678682634,-7.33099985,-11.4659996,0.5159757345708781,167,,,,,0,,,,,0,26.2151,0.0347,25.9943,0.0228,26.2057,0.088,26.4825,0.0757,26.1798,0.0961,,,
31,2019-08-09 15:30:00,2019-08-09 15:59:59,,,,,0,,,,,0,,,,,0,,,,,0,,,,,0,,,,,0,444.37076491715976,451.182007,439.673004,11.66685781349118,169,,,,,0,,,,,0,422.01491062773727,423.138,420.47699,0.5923932566155753,137,419.73971549677424,427.356995,415.428009,13.642553131736147,310,450.4147894983819,458.958008,429.963989,78.6405547725458,309,-9.994491128343196,-7.96400023,-11.5880003,0.42280498274536177,169,,,,,0,,,,,0,-9.1552555029927,-7.67500019,-10.967,0.4245614066256302,137,-9.067612891967743,-7.07600021,-10.6549997,0.41699675548643084,310,-10.134853899707792,-8.26299953,-12.3640003,0.5594864630354109,308,26.6539,0.137,26.5116,0.1823,26.9851,0.1895,26.8063,0.196,26.5193,0.1764,,,
32,2019-08-09 16:00:00,2019-08-09 16:29:59,,,,,0,,,,,0,,,,,0,,,,,0,,,,,0,,,,,0,426.0395380147059,428.955994,424.825989,0.8970409220571853,136,435.77469012211225,440.184998,430.904999,5.111555810857058,303,433.8752287908497,439.846985,427.231995,14.339451491223452,306,422.6029275421687,425.5,420.237,2.3701902347684194,166,,,,,0,,,,,0,-9.230963233308824,-7.62300014,-11.0810003,0.4825758312739766,136,-9.74508495732026,-7.78800011,-11.4379997,0.45340782595046597,306,-9.673748352581699,-7.53399992,-12.0139999,0.46248000734136624,306,-9.204821429761905,-7.44999981,-11.1940002,0.49497076536276624,168,,,,,0,,,,,0,27.0588,0.0948,27.0986,0.0963,27.4193,0.1096,27.2813,0.1006,27.0568,0.105,,,
33,2019-08-09 16:30:00,2019-08-09 16:59:59,,,,,0,,,,,0,,,,,0,,,,,0,,,,,0,,,,,0,425.020757372781,425.924011,424.167999,0.1475305411148077,169,,,,,0,,,,,0,410.7073508759124,411.694,409.997009,0.1659134209333737,137,413.8071561396104,415.265991,412.548004,0.5252211888773498,308,416.7391301067961,421.278992,412.502991,4.318041278103002,309,-9.330325436035503,-7.6880002,-11.3039999,0.4153446914377182,169,,,,,0,,,,,0,-8.833109479489051,-6.85099983,-10.4390001,0.4890165729682315,137,-8.983402601266233,-7.16099977,-11.2229996,0.4497637036366977,308,-9.085110017799353,-7.48600006,-10.7729998,0.4157662331716635,309,27.9699,0.588,27.7898,0.392,28.5167,0.1925,27.9888,0.2846,27.5858,0.1796,,,
34,2019-08-09 17:00:00,2019-08-09 17:29:59,,,,,0,,,,,0,,,,,0,,,,,0,,,,,0,,,,,0,406.9780267982456,407.908997,405.72299200000003,0.3584134042671178,114,407.8990002707581,410.31100499999997,406.720001,1.0751464894611928,277,408.46993832573287,409.901001,406.459015,0.8446837534393068,307,409.2192976964286,410.29699700000003,408.57901000000004,0.1383988199136987,168,,,,,0,,,,,0,-8.870263162280702,-7.38500023,-10.6479998,0.5299645024843159,114,-8.771830925467626,-6.87900019,-10.5860004,0.44224740532308765,278,-8.813482097003257,-7.19999981,-10.835,0.44373353072569505,307,-8.80020706183432,-7.05600023,-10.8199997,0.5211994986465676,169,,,,,0,,,,,0,28.527,0.2055,28.3072,0.0851,28.7033,0.2823,28.0299,0.1468,27.7618,0.1115,,,
35,2019-08-09 17:30:00,2019-08-09 17:59:59,,,,,0,,,,,0,,,,,0,,,,,0,,,,,0,,,,,0,406.1674346964286,406.82101400000005,405.45599400000003,0.09753476135485846,168,,,,,0,,,,,0,406.56605402290074,407.152008,405.625,0.07962884567688434,131,405.29149003267975,406.84201,403.27200300000004,0.7474052156718639,306,405.0816426096774,406.014008,404.06600999999995,0.16416228023858168,310,-8.72012497625,-6.79799986,-10.6929998,0.5659419681753883,168,,,,,0,,,,,0,-8.747312949847329,-7.15500021,-10.9320002,0.3975932948940394,131,-8.672821198013246,-6.89599991,-11.3739996,0.47603094449672356,302,-8.679509652258064,-6.9289999,-10.8369999,0.4859766030659539,310,28.138,0.4467,28.0975,0.2573,28.4183,0.4401,28.2527,0.1316,28.0015,0.0767,,,
36,2019-08-09 18:00:00,2019-08-09 18:29:59,,,,,0,,,,,0,,,,,0,,,,,0,,,,,0,,,,,0,402.78068125757574,403.786987,402.09500099999997,0.09994750429081818,132,404.6706097770492,406.789001,402.75,1.6986846454182338,305,404.5656188501629,405.62399300000004,403.36999499999996,0.3191484611031004,307,402.994898375,405.936005,401.19799800000004,1.1896480817834805,176,,,,,0,,,,,0,-8.614348476969697,-6.91499996,-10.1870003,0.4156930886742766,132,-8.767986907508197,-6.98099995,-10.7860003,0.5188886647472997,305,-8.549739391856678,-6.82000017,-10.9429998,0.4726628955057531,307,-8.658107950113637,-6.80299997,-10.3070002,0.49670266565190824,176,,,,,0,,,,,0,27.5841,0.3072,27.8643,0.1827,28.3931,0.3356,28.2995,0.1625,28.1585,0.1312,,,
37,2019-08-09 18:30:00,2019-08-09 18:59:59,,,,,0,,,,,0,,,,,0,,,,,0,,,,,0,,,,,0,404.9099302126437,406.178986,402.605988,0.5102403462532277,174,,,,,0,,,,,0,403.2442441666667,404.540009,402.184998,0.30182907067830794,132,404.56140157189543,406.022003,402.51000999999997,0.8298328522977788,306,402.2310416201299,404.048004,400.927002,0.645064395224556,308,-8.690206900172413,-6.88000011,-10.1920004,0.4458630314952326,174,,,,,0,,,,,0,-8.666280273257575,-6.6329999,-10.3260002,0.42861695752244616,132,-8.674294097973856,-6.73799992,-10.7609997,0.5074962609387345,306,-8.740490290941558,-7.10400009,-10.4680004,0.4547708453496944,308,27.3716,0.206,27.6634,0.1745,28.2299,0.2594,28.3302,0.0929,28.2236,0.0672,,,
38,2019-08-09 19:00:00,2019-08-09 19:29:59,,,,,0,,,,,0,,,,,0,,,,,0,,,,,0,,,,,0,402.37400785496186,403.79699700000003,401.226013,0.5908368628845401,131,403.8541885280528,404.75299099999995,402.674988,0.11686721859238944,303,404.4829321335505,407.822998,401.723999,3.0725980215997524,307,404.81438235428567,405.5,403.778015,0.19474278255190908,175,,,,,0,,,,,0,-8.564969478320611,-6.97800016,-10.599,0.4952357172279338,131,-8.65654457339934,-6.87099981,-10.6630001,0.5142536707330544,303,-8.70692509247557,-6.90899992,-10.9659996,0.48893254830863336,307,-8.72900573137931,-6.67299986,-10.5609999,0.48772149068252263,174,,,,,0,,,,,0,26.6591,0.054,27.3713,0.1119,27.6946,0.1379,28.2275,0.0511,28.2701,0.0484,,,
39,2019-08-09 19:30:00,2019-08-09 19:59:59,,,,,0,,,,,0,,,,,0,,,,,0,,,,,0,,,,,0,401.8364993238636,403.234009,400.35598799999997,0.8768079294824489,176,,,,,0,,,,,0,402.7423541923077,405.541992,401.062012,1.5327652644215992,130,403.6743984934641,406.878998,400.988007,1.9098473099802964,306,402.24171268627447,404.501007,400.152008,1.4827641508319407,306,-8.658514308685714,-7.14099979,-10.2510004,0.43797239406059246,175,,,,,0,,,,,0,-8.633607706307693,-7.27400017,-10.1219997,0.4814627430953798,130,-8.683585512105264,-6.5710001,-10.3760004,0.5452081610609715,304,-8.588944448986927,-6.3920002,-10.8219995,0.5289982723503976,306,27.5509,0.0579,27.9732,0.0276,28.6358,0.1648,28.8071,0.0396,28.7088,0.0366,,,
40,2019-08-09 20:00:00,2019-08-09 20:29:59,,,,,0,,,,,0,,,,,0,,,,,0,,,,,0,,,,,0,402.8767754496124,403.92300400000005,401.634003,0.43010048057328176,129,403.25929406862747,404.096985,401.884003,0.18118093745821043,204,,,,,0,404.90612209589045,405.49499499999996,404.225006,0.07666513242864331,73,,,,,0,,,,,0,-8.75385939046875,-7.22700024,-10.2589998,0.577834002754607,128,-8.640759794803921,-5.59899998,-10.6370001,0.6017160409748387,204,,,,,0,-8.561328711369862,-6.95100021,-10.4219999,0.5170718115943149,73,,,,,0,,,,,0,28.0782,0.0875,28.5305,0.1129,29.2016,0.1783,29.0612,0.0669,28.8934,0.0481,,,
41,2019-08-09 20:30:00,2019-08-09 20:59:59,,,,,0,,,,,0,,,,,0,,,,,0,,,,,0,,,,,0,402.72897130857143,405.220001,400.233002,2.71842909557712,175,,,,,0,,,,,0,401.7759214,403.81399500000003,400.201996,1.2433866263516282,125,402.95236376623376,404.108002,402.070007,0.2947427946476446,308,401.488298631068,404.41799899999995,400.33999600000004,0.9888588620004688,309,-8.705422886628572,-6.98500013,-10.4370003,0.450002947742635,175,,,,,0,,,,,0,-8.6285839916,-6.61100006,-10.4659996,0.618381968985764,125,-8.5792280252443,-6.53900003,-10.3070002,0.495926608961882,307,-8.553190949417475,-6.15899992,-10.8990002,0.5577144359658484,309,28.4497,0.0241,29.0084,0.0609,29.8277,0.1332,29.7468,0.0823,29.5671,0.0586,,,
42,2019-08-09 21:00:00,2019-08-09 21:29:59,,,,,0,,,,,0,,,,,0,,,,,0,,,,,0,,,,,0,402.0577216031746,403.692993,400.432007,1.1366985303309112,126,402.775857171521,404.296997,401.674011,0.3128025342018431,309,405.126595960912,406.73999,402.734009,0.7735165495439,307,404.16585022651935,406.13198900000003,403.131989,0.5631943989443305,181,,,,,0,,,,,0,-8.633785759047619,-6.77299976,-10.3290005,0.5773620030111303,126,-8.61873784699029,-6.44700003,-10.3699999,0.5369125547279208,309,-8.745625404527688,-6.21700001,-10.7600002,0.5587309299830668,307,-8.640756928508287,-6.36199999,-10.4560003,0.5331786798559586,181,,,,,0,,,,,0,28.147,0.0481,28.7646,0.1013,29.2796,0.1611,29.4123,0.0591,29.3026,0.0346,,,
43,2019-08-09 21:30:00,2019-08-09 21:59:59,,,,,0,,,,,0,,,,,0,,,,,0,,,,,0,,,,,0,405.84987834615384,408.214996,403.545013,1.6148437659655408,182,,,,,0,,,,,0,405.343489512,408.871002,403.582001,2.8749604641211493,125,406.1562959185668,407.73699999999997,403.221985,2.0350690295956007,307,403.8126724772727,405.984985,402.161987,1.0956605378472855,308,-8.676494478351648,-6.92799997,-10.1330004,0.45161434421659563,182,,,,,0,,,,,0,-8.78733599512,-7.03599977,-10.5439997,0.5835779129599932,125,-8.740153588496732,-6.8499999,-10.4809999,0.5063845180348636,306,-8.612951298506493,-6.56500006,-10.4779997,0.4703274143169854,308,28.2527,0.0312,29.0452,0.0676,29.6306,0.113,29.6875,0.0353,29.5627,0.0228,,,
44,2019-08-09 22:00:00,2019-08-09 22:29:59,,,,,0,,,,,0,,,,,0,,,,,0,,,,,0,,,,,0,402.490759744,402.959991,401.858002,0.04589455991270817,125,404.4876649868421,406.040985,402.80899,0.501596480165139,304,404.76081305211727,407.135986,402.37399300000004,1.695815675057237,307,402.65098412154697,404.036011,400.723999,0.8463736722169568,181,,,,,0,,,,,0,-8.55642404576,-6.63899994,-10.5749998,0.5074450148019135,125,-8.6127231395114,-6.7750001,-10.2749996,0.5479923333380994,307,-8.557584973039216,-6.62300014,-10.3059998,0.534141596333906,306,-8.544838908,-6.40600014,-10.6470003,0.49652132202981514,180,,,,,0,,,,,0,27.8737,0.0741,28.5987,0.0791,28.9805,0.107,29.3011,0.0497,29.2626,0.0365,,,
45,2019-08-09 22:30:00,2019-08-09 22:59:59,,,,,0,,,,,0,,,,,0,,,,,0,,,,,0,,,,,0,403.8887340994475,405.24899300000004,402.768005,0.4832714808376467,181,,,,,0,,,,,0,401.5290469206349,403.170013,399.096985,1.8312819149496011,126,401.52741388925085,404.415985,399.24301099999997,2.3149118131463435,307,403.7196509061489,405.182007,402.320007,0.5436936519734875,309,-8.457725275714285,-6.89799976,-10.4560003,0.4767007787832357,182,,,,,0,,,,,0,-8.64013490547619,-6.93100023,-10.1940002,0.4914988407053882,126,-8.545429482,-6.26200008,-10.4200001,0.5005174770515459,305,-8.57647573631068,-5.86999989,-10.375,0.515292336207999,309,27.802,0.0085,28.804,0.0488,28.981,0.1508,29.3669,0.0351,29.3345,0.0244,,,
46,2019-08-09 23:00:00,2019-08-09 23:29:59,,,,,0,,,,,0,,,,,0,,,,,0,,,,,0,,,,,0,405.794958488,406.691986,404.96398899999997,0.14712954951433288,125,403.5473470927152,406.016998,401.970001,1.138746817255977,302,405.8132252345277,408.496002,402.613007,3.591930375363701,307,404.39398865934066,407.417999,401.112,5.171613199783963,182,,,,,0,,,,,0,-8.69570399536,-6.73400021,-11.0860004,0.6605765914339061,125,-8.527131150786886,-6.21299982,-10.842,0.6336077125809113,305,-8.678297384477125,-5.95900011,-10.6990004,0.4958465659474069,306,-8.738587937637362,-6.35099983,-10.7539997,0.4915684484049244,182,,,,,0,,,,,0,27.417,0.0056,28.2081,0.0078,28.5192,0.0221,29.0755,0.0155,29.0539,0.0109,,,
47,2019-08-09 23:30:00,2019-08-09 23:59:59,,,,,0,,,,,0,,,,,0,,,,,0,,,,,0,,,,,0,404.78969131318684,406.890015,403.32998699999996,1.06091459692997,182,,,,,0,,,,,0,408.433732575,409.87899799999997,405.941986,1.3828065081166985,120,404.54732972168284,407.067993,402.528992,1.583607193470248,309,405.61535070129867,407.938995,404.050995,0.9108578130421124,308,-8.586472549890109,-7.15100002,-10.427,0.48101403834759193,182,,,,,0,,,,,0,-8.769883331,-6.77600002,-10.6280003,0.5058917219523511,120,-8.629454535292208,-7.27199984,-11.0629997,0.41084984444788497,308,-8.625068167824676,-6.63100004,-10.5150003,0.4870160754504625,308,27.175,0.0292,27.876,0.0613,27.9892,0.1279,28.5256,0.0706,28.6066,0.0476,,,
